word	POS	label	negative	neutral	positive
!-ah	interjection	positive	0.336	0.261	0.403
!-ahah	interjection	positive	0.088	0.286	0.626
!-ahaha	interjection	positive	0.053	0.216	0.731
!-ahahah	interjection	positive	0.066	0.268	0.666
!-ahahaha	interjection	positive	0.074	0.013	0.913
!-ahh	interjection	positive	0.081	0.288	0.631
!-ahhh	interjection	positive	0.17	0.005	0.825
!-ahhhh	interjection	positive	0.403	0.028	0.568
!-aight	interjection	positive	0.053	0.265	0.682
!-alright	interjection	positive	0.039	0.233	0.727
!-amo	interjection	positive	0.014	0.217	0.768
!-argh	interjection	negative	0.997	0	0.003
!-aw	interjection	neutral	0.257	0.454	0.289
!-awe	interjection	positive	0.222	0.299	0.479
!-awh	interjection	positive	0.262	0.296	0.442
!-aww	interjection	neutral	0.26	0.372	0.368
!-awww	interjection	positive	0.254	0.359	0.387
!-awwww	interjection	positive	0.206	0.316	0.477
!-bahaha	interjection	positive	0.08	0.244	0.676
!-bam	interjection	positive	0.125	0.298	0.577
!-bla	interjection	negative	0.498	0.227	0.275
!-both	interjection	positive	0.09	0.311	0.599
!-brb	interjection	positive	0.058	0.296	0.646
!-btw	interjection	positive	0.057	0.202	0.741
!-bye	interjection	neutral	0.209	0.414	0.377
!-c'mon	interjection	positive	0.121	0.32	0.559
!-ctfu	interjection	positive	0.223	0.373	0.404
!-dammit	interjection	negative	0.864	0.072	0.064
!-dang	interjection	negative	0.57	0.241	0.189
!-duh	interjection	positive	0.089	0.346	0.565
!-eh	interjection	positive	0.052	0.247	0.7
!-erm	interjection	positive	0.06	0.275	0.665
!-ew	interjection	negative	0.78	0.12	0.1
!-eww	interjection	negative	0.96	0.021	0.019
!-ffs	interjection	negative	0.556	0.225	0.219
!-fml	interjection	negative	0.893	0.055	0.052
!-forreal	interjection	positive	0.254	0.346	0.401
!-fyi	interjection	positive	0.073	0.306	0.621
!-gee	interjection	positive	0.169	0.359	0.472
!-geez	interjection	negative	0.436	0.273	0.291
!-goodluck	interjection	positive	0.032	0.229	0.738
!-goodmorning	interjection	positive	0.011	0.17	0.818
!-goodnight	interjection	positive	0.033	0.092	0.875
!-gosh	interjection	positive	0.3	0.346	0.354
!-gtfo	interjection	positive	0.191	0.292	0.517
!-hah	interjection	positive	0.052	0.245	0.702
!-hahaa	interjection	positive	0.051	0.016	0.934
!-hahah	interjection	positive	0.057	0.002	0.941
!-hahahaha	interjection	positive	0.068	0.003	0.929
!-hahahahah	interjection	positive	0.106	0.034	0.86
!-hahahahaha	interjection	positive	0.055	0.004	0.942
!-hahahahahaha	interjection	positive	0.266	0.028	0.706
!-hai	interjection	positive	0.056	0.3	0.644
!-hee	interjection	positive	0.173	0.266	0.562
!-heh	interjection	positive	0.036	0.233	0.731
!-hehe	interjection	positive	0.015	0	0.984
!-hehehe	interjection	positive	0.013	0.001	0.986
!-hello	interjection	positive	0.047	0.073	0.88
!-hey	interjection	positive	0.016	0.009	0.975
!-heyy	interjection	positive	0.012	0.006	0.981
!-hi	interjection	positive	0.03	0.096	0.873
!-hii	interjection	positive	0.049	0.087	0.864
!-hmmm	interjection	positive	0.019	0.014	0.967
!-hmmmm	interjection	positive	0.039	0.004	0.957
!-ho	interjection	positive	0.106	0.326	0.567
!-hoo	interjection	negative	0.633	0.143	0.224
!-huh	interjection	positive	0.07	0.326	0.604
!-ikr	interjection	positive	0.191	0.323	0.485
!-jeez	interjection	positive	0.292	0.336	0.372
!-jk	interjection	positive	0.094	0.219	0.688
!-kk	interjection	positive	0.079	0.343	0.578
!-lls	interjection	positive	0.041	0.326	0.632
!-lmaoo	interjection	positive	0.105	0.324	0.572
!-lmaooo	interjection	positive	0.053	0.309	0.638
!-lmbo	interjection	positive	0.088	0.311	0.6
!-lmfaoo	interjection	positive	0.116	0.323	0.562
!-lmfaooo	interjection	positive	0.128	0.352	0.521
!-lml	interjection	positive	0.089	0.326	0.586
!-loll	interjection	positive	0.063	0.296	0.641
!-lolol	interjection	positive	0.057	0.012	0.931
!-lololol	interjection	positive	0.059	0.04	0.901
!-lols	interjection	positive	0.072	0.315	0.613
!-lolz	interjection	positive	0.066	0.293	0.641
!-lool	interjection	positive	0.048	0.266	0.686
!-loool	interjection	positive	0.046	0.245	0.709
!-looool	interjection	positive	0.099	0.003	0.899
!-mmm	interjection	positive	0.009	0.003	0.989
!-my	interjection	positive	0.161	0.33	0.51
!-nah	interjection	positive	0.046	0.281	0.672
!-nahh	interjection	positive	0.157	0.316	0.527
!-naw	interjection	positive	0.194	0.373	0.433
!-nevermind	interjection	positive	0.101	0.332	0.567
!-no	interjection	neutral	0.329	0.526	0.146
!-nom	interjection	positive	0.108	0.315	0.577
!-noo	interjection	negative	0.899	0.064	0.037
!-nope	interjection	positive	0.091	0.376	0.533
!-nvm	interjection	positive	0.107	0.325	0.568
!-o	interjection	positive	0.069	0.36	0.571
!-ohh	interjection	positive	0.092	0.293	0.615
!-ohhh	interjection	positive	0.168	0.008	0.824
!-oi	interjection	positive	0.049	0.249	0.702
!-ok	interjection	positive	0.065	0.324	0.611
!-omfg	interjection	positive	0.331	0.028	0.641
!-omg	interjection	positive	0.415	0.111	0.474
!-oo	interjection	positive	0.031	0.233	0.736
!-ooh	interjection	positive	0.045	0.189	0.766
!-ooo	interjection	positive	0.036	0.232	0.733
!-oooh	interjection	positive	0.065	0.238	0.697
!-oops	interjection	positive	0.143	0.347	0.509
!-ouch	interjection	negative	0.858	0.084	0.058
!-ow	interjection	positive	0.2	0.352	0.447
!-p.s.	interjection	positive	0.149	0.268	0.583
!-ps	interjection	positive	0.062	0.264	0.674
!-rofl	interjection	positive	0.018	0.013	0.969
!-shalom	interjection	positive	0.026	0.171	0.803
!-sheesh	interjection	positive	0.306	0.321	0.373
!-stfu	interjection	positive	0.326	0.311	0.363
!-tf	interjection	negative	0.452	0.272	0.276
!-tov	interjection	positive	0.02	0.142	0.838
!-tsk	interjection	negative	0.371	0.292	0.338
!-ty	interjection	positive	0.038	0.136	0.827
!-ughh	interjection	negative	0.998	0	0.002
!-ughhh	interjection	negative	0.998	0	0.002
!-uh	interjection	positive	0.178	0.403	0.419
!-uhh	interjection	positive	0.227	0.359	0.414
!-uhm	interjection	positive	0.137	0.313	0.55
!-um	interjection	positive	0.082	0.342	0.576
!-umm	interjection	positive	0.087	0.332	0.58
!-ummm	interjection	positive	0.064	0.048	0.888
!-wah	interjection	positive	0.267	0.35	0.383
!-wassup	interjection	positive	0.051	0.295	0.654
!-welp	interjection	positive	0.25	0.345	0.404
!-wkwk	interjection	positive	0.036	0.301	0.663
!-wkwkwk	interjection	positive	0.018	0.286	0.696
!-woah	interjection	positive	0.12	0.329	0.55
!-woo	interjection	positive	0.019	0.118	0.863
!-woohoo	interjection	positive	0.011	0.092	0.897
!-woot	interjection	positive	0.009	0.08	0.91
!-wtf	interjection	negative	0.998	0.001	0.001
!-wth	interjection	negative	0.359	0.312	0.329
!-ya	interjection	positive	0.056	0.277	0.667
!-yah	interjection	positive	0.051	0.27	0.68
!-yeahh	interjection	positive	0.06	0.209	0.731
!-yeh	interjection	positive	0.094	0.3	0.607
!-yess	interjection	positive	0.049	0.136	0.815
!-yesss	interjection	positive	0.024	0.005	0.971
!-yh	interjection	positive	0.097	0.315	0.588
!-yo	interjection	positive	0.132	0.385	0.483
!-yuk	interjection	neutral	0.207	0.426	0.368
!-yum	interjection	positive	0.025	0.166	0.809
!-yung	interjection	positive	0.091	0.362	0.547
!-yup	interjection	positive	0.049	0.232	0.719
!-😂😂😂	interjection	positive	0.103	0.33	0.568
#-#	hashtag	neutral	0.138	0.642	0.22
#-#10paisesquequieroconocer	hashtag	neutral	0.207	0.657	0.136
#-#10peopleiwannameet	hashtag	neutral	0.358	0.519	0.123
#-#1dfact	hashtag	neutral	0.049	0.701	0.25
#-#1dqa	hashtag	neutral	0.078	0.611	0.311
#-#1dsuperfan	hashtag	positive	0.262	0.156	0.581
#-#1dtolithuaniaandisrael	hashtag	neutral	0.101	0.635	0.264
#-#2012	hashtag	neutral	0.14	0.66	0.2
#-#2012gop	hashtag	neutral	0.428	0.461	0.111
#-#20factsaboutme	hashtag	negative	0.447	0.444	0.109
#-#50thingsihate	hashtag	negative	0.498	0.42	0.082
#-#7	hashtag	neutral	0.123	0.682	0.195
#-#abortion	hashtag	neutral	0.202	0.633	0.165
#-#aca	hashtag	neutral	0.124	0.633	0.242
#-#airflotilla2	hashtag	neutral	0.344	0.519	0.137
#-#amercia	hashtag	neutral	0.244	0.619	0.138
#-#america	hashtag	neutral	0.246	0.581	0.173
#-#android	hashtag	neutral	0.048	0.652	0.299
#-#annoying	hashtag	negative	0.997	0	0.003
#-#anonymous	hashtag	neutral	0.198	0.641	0.16
#-#apartheid	hashtag	neutral	0.211	0.601	0.188
#-#arab	hashtag	neutral	0.342	0.526	0.132
#-#auspol	hashtag	neutral	0.18	0.619	0.201
#-#bahrain	hashtag	neutral	0.169	0.622	0.209
#-#bain	hashtag	neutral	0.389	0.491	0.119
#-#barackobama	hashtag	neutral	0.238	0.582	0.179
#-#bbc	hashtag	neutral	0.399	0.484	0.117
#-#bbcqt	hashtag	neutral	0.433	0.451	0.117
#-#bds	hashtag	neutral	0.247	0.576	0.178
#-#beefsbetterthandrakeandchrisbrowns	hashtag	negative	0.502	0.398	0.1
#-#bing	hashtag	neutral	0.163	0.659	0.178
#-#breakingnews	hashtag	neutral	0.224	0.604	0.173
#-#canada	hashtag	neutral	0.047	0.658	0.295
#-#cdnpoli	hashtag	neutral	0.23	0.588	0.182
#-#china	hashtag	neutral	0.213	0.604	0.183
#-#christian	hashtag	neutral	0.246	0.587	0.167
#-#classic	hashtag	neutral	0.096	0.643	0.261
#-#cnn	hashtag	neutral	0.28	0.58	0.14
#-#congress	hashtag	neutral	0.301	0.577	0.122
#-#connecttheleft	hashtag	neutral	0.259	0.58	0.161
#-#cookiegate	hashtag	neutral	0.272	0.563	0.165
#-#cspj	hashtag	neutral	0.371	0.472	0.157
#-#ctl	hashtag	neutral	0.299	0.543	0.158
#-#cufidc	hashtag	neutral	0.172	0.586	0.243
#-#currency	hashtag	neutral	0.048	0.742	0.21
#-#dead	hashtag	neutral	0.218	0.608	0.174
#-#dem	hashtag	neutral	0.238	0.59	0.172
#-#democrats	hashtag	neutral	0.237	0.628	0.135
#-#dems	hashtag	neutral	0.205	0.598	0.197
#-#describeobamainthreewords	hashtag	neutral	0.345	0.555	0.1
#-#differencesbetweenromneyandobama	hashtag	negative	0.495	0.426	0.079
#-#dnc	hashtag	neutral	0.267	0.561	0.172
#-#dontdoublemyrate	hashtag	neutral	0.13	0.637	0.232
#-#dprk	hashtag	neutral	0.288	0.577	0.134
#-#dumbass	hashtag	negative	0.453	0.435	0.112
#-#economy	hashtag	neutral	0.284	0.568	0.149
#-#edshow	hashtag	neutral	0.319	0.544	0.136
#-#egypt	hashtag	neutral	0.099	0.663	0.237
#-#election	hashtag	neutral	0.215	0.613	0.173
#-#election2012	hashtag	neutral	0.068	0.682	0.25
#-#epicfail	hashtag	neutral	0.404	0.474	0.122
#-#eu	hashtag	neutral	0.152	0.657	0.192
#-#euro2012	hashtag	neutral	0.277	0.573	0.15
#-#eurovision	hashtag	neutral	0.389	0.495	0.116
#-#facebook	hashtag	neutral	0.129	0.655	0.217
#-#facepalm	hashtag	neutral	0.258	0.581	0.161
#-#fact	hashtag	neutral	0.259	0.598	0.143
#-#fail	hashtag	negative	0.989	0.003	0.008
#-#fanmenow	hashtag	positive	0.033	0.45	0.517
#-#fastandfurious	hashtag	negative	0.455	0.437	0.108
#-#fb	hashtag	neutral	0.077	0.693	0.23
#-#ff	hashtag	neutral	0.022	0.496	0.481
#-#firstworldproblems	hashtag	negative	0.797	0.161	0.042
#-#fml	hashtag	negative	0.686	0.239	0.075
#-#followback	hashtag	neutral	0.036	0.759	0.206
#-#followfriday	hashtag	positive	0.016	0.244	0.74
#-#forward	hashtag	neutral	0.166	0.614	0.22
#-#foxnews	hashtag	neutral	0.286	0.575	0.139
#-#france	hashtag	neutral	0.245	0.591	0.164
#-#freedom	hashtag	neutral	0.068	0.653	0.279
#-#freedomfever	hashtag	negative	0.612	0.302	0.086
#-#freepalestine	hashtag	negative	0.513	0.386	0.101
#-#gaza	hashtag	neutral	0.355	0.507	0.139
#-#gcc	hashtag	neutral	0.21	0.621	0.17
#-#goaway	hashtag	negative	0.671	0.257	0.073
#-#google	hashtag	neutral	0.039	0.652	0.309
#-#gop	hashtag	neutral	0.177	0.677	0.146
#-#gop2012	hashtag	neutral	0.25	0.579	0.171
#-#gopfail	hashtag	neutral	0.372	0.491	0.136
#-#gtfo	hashtag	negative	0.544	0.354	0.102
#-#hezbollah	hashtag	neutral	0.424	0.456	0.12
#-#houlamassacre	hashtag	neutral	0.431	0.472	0.097
#-#humanrights	hashtag	neutral	0.134	0.642	0.224
#-#hypocrite	hashtag	neutral	0.403	0.465	0.132
#-#idf	hashtag	neutral	0.192	0.585	0.223
#-#idiots	hashtag	negative	0.543	0.359	0.097
#-#ifitwasntfortwitter	hashtag	negative	0.827	0.139	0.034
#-#ifitwereuptome	hashtag	neutral	0.394	0.498	0.108
#-#iftwittershutdown	hashtag	negative	0.714	0.238	0.048
#-#impeach	hashtag	neutral	0.259	0.633	0.108
#-#in	hashtag	neutral	0.055	0.626	0.319
#-#india	hashtag	neutral	0.227	0.612	0.16
#-#information	hashtag	negative	0.621	0.328	0.05
#-#io12	hashtag	neutral	0.111	0.642	0.247
#-#iran	hashtag	neutral	0.097	0.702	0.201
#-#iranelection	hashtag	neutral	0.374	0.527	0.099
#-#iraq	hashtag	neutral	0.289	0.563	0.147
#-#islam	hashtag	neutral	0.144	0.578	0.279
#-#israel	hashtag	neutral	0.075	0.685	0.24
#-#istandwithobama	hashtag	neutral	0.37	0.51	0.121
#-#iusetwitterbecause	hashtag	negative	0.786	0.165	0.049
#-#jerusalem	hashtag	neutral	0.073	0.623	0.304
#-#jesus	hashtag	neutral	0.129	0.618	0.252
#-#jewish	hashtag	neutral	0.104	0.643	0.254
#-#jews	hashtag	neutral	0.176	0.599	0.225
#-#jobs	hashtag	neutral	0.097	0.689	0.214
#-#jordan	hashtag	neutral	0.138	0.669	0.192
#-#jpost	hashtag	neutral	0.376	0.5	0.125
#-#juche	hashtag	neutral	0.345	0.536	0.119
#-#justsayin	hashtag	neutral	0.185	0.606	0.209
#-#justsaying	hashtag	neutral	0.228	0.603	0.169
#-#ksa	hashtag	neutral	0.247	0.577	0.175
#-#kuwait	hashtag	neutral	0.201	0.613	0.186
#-#lastword	hashtag	neutral	0.328	0.533	0.139
#-#lebanon	hashtag	neutral	0.216	0.619	0.165
#-#leveson	hashtag	neutral	0.259	0.583	0.158
#-#lgbt	hashtag	neutral	0.25	0.565	0.185
#-#lhhatl	hashtag	negative	0.607	0.312	0.081
#-#libya	hashtag	neutral	0.157	0.63	0.213
#-#lnyhbt	hashtag	neutral	0.104	0.643	0.253
#-#lol	hashtag	positive	0.103	0.038	0.859
#-#m312	hashtag	neutral	0.247	0.571	0.182
#-#maddow	hashtag	negative	0.46	0.43	0.109
#-#mapoli	hashtag	neutral	0.153	0.661	0.186
#-#microsoft	hashtag	neutral	0.222	0.661	0.117
#-#mindblown	hashtag	neutral	0.123	0.649	0.227
#-#mitt	hashtag	neutral	0.322	0.563	0.115
#-#mitt2012	hashtag	neutral	0.121	0.674	0.206
#-#mittromney	hashtag	neutral	0.249	0.594	0.157
#-#mkbiblechat	hashtag	neutral	0.09	0.637	0.273
#-#moreappealingthanobama2ndterm	hashtag	negative	0.588	0.344	0.068
#-#mormon	hashtag	neutral	0.112	0.638	0.251
#-#morningjoe	hashtag	neutral	0.396	0.477	0.128
#-#msnbc	hashtag	neutral	0.274	0.542	0.184
#-#mtp	hashtag	neutral	0.369	0.494	0.137
#-#music	hashtag	neutral	0.022	0.64	0.338
#-#musik	hashtag	negative	0.883	0.099	0.018
#-#naacp	hashtag	neutral	0.375	0.495	0.13
#-#nato	hashtag	neutral	0.313	0.553	0.134
#-#ndaa	hashtag	neutral	0.419	0.447	0.134
#-#news	hashtag	neutral	0.124	0.677	0.199
#-#newt	hashtag	neutral	0.244	0.557	0.199
#-#nf	hashtag	neutral	0.014	0.644	0.342
#-#no	hashtag	neutral	0.35	0.514	0.135
#-#nobama	hashtag	neutral	0.197	0.615	0.188
#-#nobama2012	hashtag	neutral	0.277	0.555	0.169
#-#nomination	hashtag	neutral	0.172	0.738	0.09
#-#northkorea	hashtag	neutral	0.38	0.465	0.155
#-#not	hashtag	neutral	0.162	0.584	0.255
#-#nowfollowing	hashtag	neutral	0.025	0.657	0.318
#-#nowplaying	hashtag	neutral	0.023	0.659	0.318
#-#np	hashtag	neutral	0.021	0.676	0.302
#-#nra	hashtag	neutral	0.289	0.552	0.159
#-#nuclear	hashtag	neutral	0.302	0.538	0.16
#-#nw	hashtag	neutral	0.108	0.662	0.23
#-#nyc	hashtag	neutral	0.097	0.652	0.251
#-#obama	hashtag	neutral	0.053	0.713	0.233
#-#obama2012	hashtag	neutral	0.1	0.679	0.22
#-#obamabooktitles	hashtag	neutral	0.314	0.552	0.134
#-#obamacare	hashtag	neutral	0.259	0.572	0.169
#-#obamadogrecipes	hashtag	neutral	0.125	0.633	0.242
#-#obamaeatsdogs	hashtag	neutral	0.091	0.622	0.286
#-#obamafundraisingideas	hashtag	neutral	0.321	0.577	0.102
#-#obamainhistory	hashtag	negative	0.513	0.415	0.072
#-#obamaintwowords	hashtag	negative	0.51	0.413	0.078
#-#occupy	hashtag	neutral	0.215	0.591	0.194
#-#ocra	hashtag	neutral	0.245	0.581	0.174
#-#oil	hashtag	negative	0.466	0.429	0.104
#-#oops	hashtag	neutral	0.3	0.534	0.166
#-#ows	hashtag	neutral	0.188	0.652	0.16
#-#p2	hashtag	neutral	0.166	0.651	0.183
#-#p21	hashtag	neutral	0.183	0.602	0.215
#-#p2b	hashtag	neutral	0.224	0.605	0.171
#-#pakistan	hashtag	neutral	0.228	0.602	0.17
#-#palestine	hashtag	neutral	0.143	0.673	0.184
#-#palhunger	hashtag	neutral	0.432	0.458	0.11
#-#peace	hashtag	neutral	0.169	0.6	0.232
#-#petition2congress	hashtag	neutral	0.183	0.635	0.182
#-#photography	hashtag	neutral	0.026	0.66	0.314
#-#pmqs	hashtag	negative	0.557	0.341	0.102
#-#politics	hashtag	neutral	0.266	0.573	0.161
#-#polls	hashtag	neutral	0.211	0.635	0.154
#-#potus	hashtag	neutral	0.252	0.569	0.179
#-#prochoice	hashtag	neutral	0.331	0.518	0.151
#-#prolife	hashtag	neutral	0.217	0.616	0.167
#-#qanda	hashtag	negative	0.559	0.356	0.085
#-#qatar	hashtag	neutral	0.192	0.636	0.173
#-#quote	hashtag	neutral	0.122	0.636	0.242
#-#random	hashtag	neutral	0.134	0.623	0.243
#-#realtalk	hashtag	neutral	0.294	0.522	0.184
#-#reasonstovoteforobama	hashtag	neutral	0.245	0.596	0.159
#-#redeye	hashtag	neutral	0.26	0.579	0.161
#-#rememberiran	hashtag	neutral	0.387	0.509	0.105
#-#republican	hashtag	negative	0.655	0.277	0.068
#-#republicanmovies	hashtag	neutral	0.299	0.559	0.142
#-#republicans	hashtag	neutral	0.317	0.558	0.125
#-#resist44	hashtag	neutral	0.324	0.533	0.143
#-#rnc	hashtag	neutral	0.272	0.536	0.192
#-#romney	hashtag	neutral	0.105	0.688	0.207
#-#romney2012	hashtag	neutral	0.133	0.642	0.225
#-#romneyintwowords	hashtag	negative	0.658	0.286	0.056
#-#ronpaul	hashtag	neutral	0.129	0.63	0.241
#-#ronpaul2012	hashtag	neutral	0.273	0.559	0.168
#-#russia	hashtag	neutral	0.297	0.561	0.141
#-#saudi	hashtag	neutral	0.433	0.448	0.119
#-#saysomethingniceaboutobama	hashtag	neutral	0.268	0.537	0.195
#-#saysomethingniceaboutromney	hashtag	neutral	0.277	0.574	0.148
#-#sbseurovision	hashtag	neutral	0.22	0.612	0.167
#-#scotus	hashtag	neutral	0.249	0.598	0.153
#-#seo	hashtag	neutral	0.06	0.672	0.268
#-#seriously	hashtag	neutral	0.404	0.474	0.122
#-#sfgts	hashtag	neutral	0.042	0.678	0.28
#-#sgp	hashtag	neutral	0.279	0.568	0.152
#-#smh	hashtag	neutral	0.42	0.463	0.117
#-#socialmedia	hashtag	neutral	0.024	0.637	0.339
#-#sorrynotsorry	hashtag	neutral	0.366	0.506	0.129
#-#stfu	hashtag	negative	0.706	0.223	0.071
#-#stoprush	hashtag	neutral	0.102	0.608	0.29
#-#swag	hashtag	neutral	0.035	0.646	0.319
#-#syria	hashtag	neutral	0.17	0.657	0.173
#-#taf	hashtag	neutral	0.042	0.786	0.172
#-#tcot	hashtag	neutral	0.134	0.654	0.213
#-#teamfollowback	hashtag	neutral	0.2	0.685	0.115
#-#teamjesus	hashtag	neutral	0.074	0.704	0.222
#-#teamnokids	hashtag	negative	0.541	0.361	0.098
#-#teaparty	hashtag	neutral	0.128	0.681	0.191
#-#tech	hashtag	neutral	0.064	0.665	0.271
#-#tehran	hashtag	neutral	0.126	0.773	0.1
#-#tfb	hashtag	neutral	0.038	0.768	0.194
#-#thatawkwardmoment	hashtag	neutral	0.088	0.668	0.244
#-#thedictator	hashtag	neutral	0.073	0.62	0.306
#-#thefive	hashtag	neutral	0.225	0.582	0.193
#-#thisweek	hashtag	negative	0.546	0.356	0.098
#-#thoughtsafterthecondompopped	hashtag	neutral	0.371	0.544	0.085
#-#tiot	hashtag	neutral	0.08	0.662	0.259
#-#tlot	hashtag	neutral	0.256	0.597	0.148
#-#tomorrow12	hashtag	neutral	0.234	0.62	0.146
#-#tomyfuturekids	hashtag	negative	0.708	0.221	0.071
#-#topprog	hashtag	neutral	0.378	0.492	0.13
#-#travel	hashtag	neutral	0.027	0.654	0.319
#-#truestory	hashtag	neutral	0.199	0.6	0.201
#-#truth	hashtag	positive	0.395	0.084	0.521
#-#turkey	hashtag	neutral	0.294	0.559	0.147
#-#tweet4taiji	hashtag	neutral	0.103	0.744	0.153
#-#tweetameet	hashtag	neutral	0.058	0.679	0.262
#-#twisters	hashtag	neutral	0.215	0.601	0.184
#-#twitter	hashtag	neutral	0.195	0.623	0.182
#-#twothingsthatdontmix	hashtag	neutral	0.064	0.696	0.241
#-#uae	hashtag	neutral	0.263	0.586	0.151
#-#uk	hashtag	neutral	0.271	0.571	0.158
#-#un	hashtag	neutral	0.373	0.506	0.121
#-#uppers	hashtag	neutral	0.338	0.516	0.146
#-#us	hashtag	neutral	0.207	0.611	0.182
#-#usa	hashtag	neutral	0.246	0.621	0.133
#-#utpol	hashtag	neutral	0.19	0.622	0.188
#-#vettheprez	hashtag	neutral	0.321	0.53	0.149
#-#vote	hashtag	neutral	0.077	0.699	0.225
#-#waronwomen	hashtag	neutral	0.177	0.618	0.205
#-#waystopissblackpeopleoff	hashtag	negative	0.573	0.342	0.086
#-#web	hashtag	neutral	0.027	0.726	0.247
#-#wethepeople	hashtag	neutral	0.378	0.49	0.133
#-#wh2012	hashtag	neutral	0.051	0.704	0.244
#-#whatobamataughtme	hashtag	neutral	0.386	0.477	0.137
#-#whiletwitterwasdown	hashtag	negative	0.795	0.166	0.039
#-#wimbledon	hashtag	neutral	0.442	0.449	0.11
#-#winning	hashtag	neutral	0.085	0.649	0.265
#-#wirecall	hashtag	neutral	0.205	0.597	0.199
#-#withnewt	hashtag	neutral	0.138	0.607	0.254
#-#wiunion	hashtag	neutral	0.261	0.571	0.168
#-#women	hashtag	neutral	0.114	0.619	0.267
#-#wordsyouwillneverhearmesay	hashtag	neutral	0.053	0.634	0.313
#-#world	hashtag	neutral	0.154	0.649	0.197
#-#wtf	hashtag	negative	0.997	0.001	0.002
#-#yolo	hashtag	neutral	0.099	0.639	0.261
#-#youpeople	hashtag	neutral	0.331	0.52	0.149
#-#zionism	hashtag	neutral	0.321	0.52	0.159
$-#1	numeral	neutral	0.059	0.701	0.24
$-#2	numeral	neutral	0.113	0.699	0.188
$-#3	numeral	neutral	0.146	0.685	0.169
$-$1	numeral	neutral	0.216	0.663	0.121
$-$10	numeral	neutral	0.098	0.7	0.202
$-$100	numeral	neutral	0.109	0.695	0.196
$-$15	numeral	neutral	0.225	0.647	0.128
$-$2	numeral	neutral	0.406	0.511	0.084
$-$20	numeral	neutral	0.111	0.674	0.214
$-$200	numeral	neutral	0.204	0.671	0.125
$-$25	numeral	neutral	0.104	0.684	0.212
$-$250	numeral	neutral	0.207	0.681	0.113
$-$3	numeral	neutral	0.215	0.646	0.138
$-$30	numeral	neutral	0.103	0.679	0.218
$-$300+	numeral	positive	0.069	0.352	0.579
$-$4	numeral	neutral	0.205	0.662	0.133
$-$5	numeral	neutral	0.109	0.685	0.207
$-$50	numeral	neutral	0.092	0.704	0.204
$-$500	numeral	neutral	0.298	0.603	0.099
$-+1	numeral	neutral	0.115	0.695	0.19
$-0	numeral	neutral	0.089	0.721	0.19
$-0-0	numeral	neutral	0.183	0.687	0.13
$-04	numeral	neutral	0.29	0.576	0.134
$-07	numeral	neutral	0.255	0.63	0.115
$-08	numeral	neutral	0.222	0.657	0.12
$-09	numeral	neutral	0.274	0.619	0.107
$-1	numeral	neutral	0.034	0.743	0.223
$-1%	numeral	neutral	0.235	0.628	0.136
$-1,000	numeral	neutral	0.109	0.69	0.201
$-1.5	numeral	neutral	0.3	0.583	0.117
$-1/2	numeral	neutral	0.151	0.686	0.163
$-1/3	numeral	neutral	0.302	0.575	0.123
$-10	numeral	neutral	0.055	0.74	0.204
$-10%	numeral	neutral	0.145	0.676	0.179
$-10,000	numeral	positive	0.387	0.08	0.533
$-100	numeral	neutral	0.097	0.712	0.19
$-100%	numeral	neutral	0.105	0.689	0.206
$-1000	numeral	neutral	0.133	0.658	0.21
$-101	numeral	neutral	0.09	0.7	0.211
$-10:00	numeral	neutral	0.078	0.743	0.179
$-10:15	numeral	neutral	0.055	0.766	0.179
$-10:30	numeral	neutral	0.055	0.734	0.21
$-10:45	numeral	neutral	0.035	0.759	0.206
$-11	numeral	neutral	0.079	0.717	0.204
$-1144	numeral	neutral	0.235	0.606	0.158
$-11:00	numeral	neutral	0.107	0.73	0.162
$-11:15	numeral	neutral	0.024	0.75	0.225
$-11:30	numeral	neutral	0.064	0.707	0.229
$-11:45	numeral	neutral	0.028	0.762	0.21
$-12	numeral	neutral	0.054	0.714	0.233
$-12:00	numeral	neutral	0.015	0.736	0.249
$-12:15	numeral	neutral	0.061	0.767	0.172
$-12:30	numeral	neutral	0.065	0.751	0.184
$-12:45	numeral	neutral	0.033	0.768	0.199
$-13	numeral	neutral	0.099	0.709	0.192
$-14	numeral	neutral	0.082	0.72	0.199
$-140	numeral	neutral	0.14	0.624	0.236
$-15	numeral	neutral	0.038	0.713	0.249
$-15%	numeral	neutral	0.16	0.701	0.139
$-150	numeral	neutral	0.163	0.685	0.151
$-16	numeral	neutral	0.065	0.721	0.214
$-17	numeral	neutral	0.06	0.704	0.237
$-18	numeral	neutral	0.101	0.698	0.201
$-19	numeral	neutral	0.085	0.715	0.2
$-1948	numeral	neutral	0.242	0.651	0.107
$-1965	numeral	neutral	0.31	0.574	0.116
$-1967	numeral	neutral	0.425	0.488	0.087
$-1979	numeral	neutral	0.193	0.657	0.15
$-1980	numeral	neutral	0.207	0.649	0.144
$-1984	numeral	neutral	0.168	0.691	0.142
$-1992	numeral	neutral	0.107	0.695	0.197
$-1994	numeral	neutral	0.218	0.657	0.124
$-1999	numeral	negative	0.537	0.391	0.072
$-1:00	numeral	neutral	0.043	0.764	0.192
$-1:15	numeral	neutral	0.078	0.75	0.172
$-1:30	numeral	neutral	0.059	0.719	0.222
$-1:45	numeral	neutral	0.091	0.774	0.136
$-1d	numeral	neutral	0.201	0.635	0.164
$-2	numeral	neutral	0.081	0.73	0.189
$-2%	numeral	neutral	0.265	0.615	0.12
$-2-0	numeral	neutral	0.149	0.718	0.133
$-2.0	numeral	neutral	0.103	0.681	0.216
$-2/2	numeral	neutral	0.341	0.566	0.093
$-2/3	numeral	neutral	0.25	0.633	0.117
$-20	numeral	neutral	0.088	0.747	0.165
$-20%	numeral	neutral	0.179	0.674	0.147
$-200	numeral	neutral	0.101	0.674	0.224
$-2000	numeral	neutral	0.096	0.696	0.208
$-2001	numeral	negative	0.503	0.418	0.079
$-2002	numeral	neutral	0.17	0.682	0.148
$-2003	numeral	neutral	0.14	0.691	0.169
$-2004	numeral	neutral	0.169	0.688	0.144
$-2005	numeral	neutral	0.125	0.698	0.177
$-2006	numeral	neutral	0.234	0.644	0.122
$-2007	numeral	neutral	0.207	0.661	0.132
$-2008	numeral	neutral	0.149	0.731	0.12
$-2009	numeral	neutral	0.228	0.634	0.137
$-2010	numeral	neutral	0.167	0.699	0.135
$-2011	numeral	neutral	0.172	0.693	0.134
$-2012	numeral	neutral	0.04	0.737	0.223
$-2013	numeral	neutral	0.083	0.71	0.207
$-2014	numeral	neutral	0.142	0.676	0.182
$-2015	numeral	neutral	0.163	0.687	0.15
$-2016	numeral	neutral	0.118	0.687	0.195
$-21	numeral	neutral	0.064	0.698	0.238
$-22	numeral	neutral	0.089	0.724	0.187
$-23	numeral	neutral	0.067	0.736	0.196
$-24	numeral	neutral	0.087	0.719	0.194
$-24/7	numeral	neutral	0.301	0.584	0.115
$-25	numeral	neutral	0.072	0.707	0.221
$-25%	numeral	neutral	0.175	0.677	0.148
$-250	numeral	neutral	0.142	0.676	0.182
$-26	numeral	neutral	0.112	0.713	0.174
$-27	numeral	neutral	0.106	0.712	0.182
$-270	numeral	neutral	0.234	0.62	0.146
$-28	numeral	neutral	0.09	0.694	0.215
$-29	numeral	neutral	0.109	0.725	0.166
$-2:00	numeral	neutral	0.04	0.752	0.209
$-2:15	numeral	neutral	0.037	0.734	0.228
$-2:30	numeral	neutral	0.113	0.713	0.174
$-2:45	numeral	neutral	0.062	0.744	0.194
$-2nd	numeral	neutral	0.066	0.725	0.209
$-3	numeral	neutral	0.027	0.733	0.24
$-3%	numeral	negative	0.482	0.439	0.079
$-3,000	numeral	neutral	0.16	0.676	0.163
$-3.5	numeral	neutral	0.427	0.475	0.098
$-30	numeral	neutral	0.115	0.712	0.173
$-30%	numeral	neutral	0.15	0.691	0.158
$-300	numeral	neutral	0.14	0.669	0.191
$-3000	numeral	neutral	0.213	0.642	0.145
$-31	numeral	neutral	0.102	0.727	0.171
$-32	numeral	neutral	0.154	0.688	0.158
$-33	numeral	neutral	0.154	0.675	0.171
$-34	numeral	neutral	0.215	0.634	0.15
$-35	numeral	neutral	0.205	0.67	0.125
$-36	numeral	neutral	0.125	0.686	0.189
$-37	numeral	neutral	0.142	0.668	0.19
$-38	numeral	neutral	0.161	0.676	0.163
$-39	numeral	neutral	0.095	0.698	0.207
$-39%	numeral	neutral	0.099	0.728	0.172
$-3:00	numeral	neutral	0.061	0.756	0.183
$-3:15	numeral	neutral	0.172	0.715	0.113
$-3:30	numeral	neutral	0.076	0.726	0.198
$-3:45	numeral	neutral	0.059	0.782	0.159
$-3rd	numeral	neutral	0.135	0.685	0.179
$-4	numeral	neutral	0.115	0.713	0.172
$-4%	numeral	neutral	0.365	0.541	0.094
$-4.1	numeral	neutral	0.117	0.722	0.161
$-4.5	numeral	positive	0.019	0.204	0.777
$-4/20	numeral	neutral	0.17	0.648	0.182
$-40	numeral	neutral	0.135	0.682	0.184
$-40%	numeral	neutral	0.158	0.692	0.15
$-400	numeral	neutral	0.109	0.689	0.202
$-41	numeral	neutral	0.13	0.691	0.179
$-41%	numeral	neutral	0.172	0.699	0.129
$-42	numeral	neutral	0.083	0.695	0.221
$-42%	numeral	neutral	0.107	0.735	0.158
$-43	numeral	neutral	0.139	0.694	0.167
$-43%	numeral	neutral	0.17	0.698	0.132
$-44	numeral	neutral	0.095	0.726	0.179
$-44%	numeral	neutral	0.09	0.751	0.16
$-45	numeral	neutral	0.157	0.697	0.146
$-45%	numeral	neutral	0.149	0.721	0.13
$-46	numeral	neutral	0.09	0.733	0.177
$-46%	numeral	neutral	0.111	0.744	0.145
$-47	numeral	neutral	0.166	0.685	0.15
$-47%	numeral	neutral	0.112	0.743	0.146
$-47th	numeral	negative	0.595	0.346	0.06
$-48	numeral	neutral	0.217	0.651	0.131
$-48%	numeral	neutral	0.068	0.754	0.178
$-49	numeral	neutral	0.087	0.716	0.197
$-49%	numeral	neutral	0.058	0.736	0.207
$-4:00	numeral	neutral	0.07	0.737	0.193
$-4:15	numeral	neutral	0.07	0.759	0.172
$-4:30	numeral	neutral	0.071	0.738	0.192
$-4:45	numeral	neutral	0.063	0.766	0.17
$-5	numeral	neutral	0.096	0.738	0.166
$-5%	numeral	neutral	0.192	0.677	0.131
$-50	numeral	neutral	0.132	0.715	0.153
$-50%	numeral	neutral	0.148	0.712	0.14
$-500	numeral	neutral	0.096	0.698	0.206
$-51	numeral	neutral	0.096	0.708	0.196
$-51%	numeral	neutral	0.128	0.713	0.158
$-52	numeral	neutral	0.146	0.684	0.17
$-53	numeral	neutral	0.17	0.704	0.127
$-54	numeral	neutral	0.147	0.706	0.147
$-55	numeral	neutral	0.156	0.667	0.177
$-56	numeral	neutral	0.108	0.699	0.193
$-57	numeral	neutral	0.131	0.701	0.168
$-58	numeral	neutral	0.095	0.729	0.176
$-59	numeral	neutral	0.078	0.723	0.199
$-5:00	numeral	neutral	0.034	0.737	0.229
$-5:15	numeral	neutral	0.026	0.751	0.223
$-5:30	numeral	neutral	0.073	0.721	0.206
$-5:45	numeral	neutral	0.069	0.762	0.169
$-5gb	numeral	neutral	0.058	0.689	0.254
$-6	numeral	neutral	0.092	0.723	0.185
$-6%	numeral	neutral	0.301	0.604	0.095
$-60	numeral	neutral	0.175	0.681	0.144
$-60%	numeral	neutral	0.135	0.68	0.186
$-600	numeral	neutral	0.136	0.68	0.184
$-64	numeral	neutral	0.085	0.593	0.322
$-64th	numeral	neutral	0.042	0.566	0.392
$-65	numeral	neutral	0.382	0.524	0.095
$-65%	numeral	neutral	0.088	0.73	0.182
$-67	numeral	neutral	0.252	0.623	0.124
$-69	numeral	neutral	0.095	0.693	0.213
$-6:00	numeral	neutral	0.037	0.735	0.228
$-6:15	numeral	neutral	0.032	0.749	0.218
$-6:30	numeral	neutral	0.06	0.723	0.216
$-6:45	numeral	neutral	0.097	0.759	0.144
$-6pm	numeral	neutral	0.058	0.666	0.275
$-7	numeral	neutral	0.085	0.742	0.173
$-7%	numeral	neutral	0.264	0.641	0.095
$-70	numeral	neutral	0.229	0.624	0.147
$-70%	numeral	neutral	0.139	0.691	0.17
$-700	numeral	neutral	0.097	0.705	0.198
$-72	numeral	neutral	0.258	0.628	0.115
$-75	numeral	neutral	0.28	0.612	0.108
$-75%	numeral	neutral	0.293	0.604	0.103
$-7:00	numeral	neutral	0.073	0.739	0.188
$-7:15	numeral	neutral	0.021	0.762	0.217
$-7:30	numeral	neutral	0.028	0.703	0.269
$-7:45	numeral	neutral	0.121	0.718	0.161
$-7pm	numeral	neutral	0.032	0.639	0.329
$-8	numeral	neutral	0.134	0.725	0.14
$-8%	numeral	neutral	0.338	0.568	0.094
$-80	numeral	neutral	0.143	0.672	0.185
$-80%	numeral	neutral	0.189	0.682	0.129
$-800	numeral	neutral	0.241	0.631	0.128
$-8:00	numeral	neutral	0.044	0.728	0.228
$-8:15	numeral	neutral	0.038	0.757	0.205
$-8:30	numeral	neutral	0.086	0.722	0.192
$-8:45	numeral	neutral	0.062	0.754	0.184
$-8pm	numeral	neutral	0.087	0.669	0.243
$-9	numeral	neutral	0.084	0.742	0.174
$-9/11	numeral	negative	0.536	0.387	0.077
$-90	numeral	neutral	0.229	0.658	0.113
$-90%	numeral	neutral	0.195	0.658	0.147
$-901	numeral	neutral	0.243	0.632	0.125
$-911	numeral	neutral	0.306	0.581	0.113
$-95%	numeral	neutral	0.309	0.584	0.107
$-96	numeral	neutral	0.217	0.648	0.134
$-98%	numeral	neutral	0.316	0.579	0.106
$-99	numeral	neutral	0.347	0.543	0.11
$-99%	numeral	neutral	0.215	0.652	0.133
$-9:00	numeral	neutral	0.053	0.747	0.2
$-9:15	numeral	neutral	0.06	0.739	0.201
$-9:30	numeral	neutral	0.037	0.709	0.254
$-9:45	numeral	neutral	0.128	0.732	0.14
$-eight	numeral	neutral	0.22	0.656	0.124
$-fifty	numeral	neutral	0.143	0.666	0.191
$-five	numeral	neutral	0.109	0.715	0.176
$-four	numeral	neutral	0.117	0.709	0.175
$-one	numeral	neutral	0.057	0.65	0.292
$-seven	numeral	neutral	0.127	0.709	0.164
$-six	numeral	neutral	0.117	0.698	0.185
$-three	numeral	neutral	0.128	0.728	0.144
$-topwords(3hrs	numeral	neutral	0.132	0.756	0.112
$-two	numeral	neutral	0.038	0.724	0.238
$-zero	numeral	neutral	0.225	0.663	0.112
&-&	cord.conj	neutral	0.121	0.551	0.328
&-&&	cord.conj	neutral	0.198	0.558	0.244
&-&'	cord.conj	neutral	0.399	0.468	0.133
&-(&	cord.conj	neutral	0.154	0.613	0.233
&-+	cord.conj	neutral	0.097	0.659	0.244
&-and	cord.conj	neutral	0.029	0.531	0.44
&-and/or	cord.conj	neutral	0.251	0.581	0.168
&-bt	cord.conj	neutral	0.392	0.484	0.124
&-but	cord.conj	negative	0.802	0.147	0.051
&-either	cord.conj	neutral	0.428	0.483	0.089
&-n	cord.conj	neutral	0.123	0.672	0.205
&-nd	cord.conj	neutral	0.199	0.606	0.196
&-neither	cord.conj	negative	0.55	0.363	0.087
&-nor	cord.conj	neutral	0.446	0.46	0.094
&-or	cord.conj	neutral	0.288	0.408	0.304
&-plus	cord.conj	neutral	0.302	0.499	0.199
,-!	punct	positive	0.336	0.041	0.624
,-!!	punct	negative	0.626	0.037	0.337
,-!!!	punct	negative	0.477	0.057	0.465
,-!!!!	punct	positive	0.239	0.065	0.697
,-!!!!!	punct	positive	0.099	0.03	0.871
,-!!!!!!	punct	positive	0.1	0.024	0.876
,-!!!!!!!	punct	positive	0.128	0.027	0.845
,-!!!!!!!!	punct	positive	0.101	0.029	0.87
,-!!!!!!!!!	punct	positive	0.296	0.067	0.637
,-!,	punct	positive	0.323	0.077	0.6
,-!.	punct	positive	0.299	0.086	0.615
,-!..	punct	positive	0.228	0.217	0.555
,-!...	punct	positive	0.15	0.08	0.769
,-!?	punct	positive	0.088	0.05	0.863
,-"	punct	neutral	0.047	0.705	0.248
,-'	punct	neutral	0.009	0.566	0.424
,-''	punct	neutral	0.078	0.665	0.257
,-'”	punct	neutral	0.087	0.651	0.262
,-(	punct	neutral	0.014	0.646	0.341
,-('	punct	neutral	0.145	0.63	0.225
,-((	punct	neutral	0.115	0.597	0.288
,-)	punct	neutral	0.116	0.508	0.376
,-)'	punct	neutral	0.076	0.645	0.279
,-))	punct	neutral	0.078	0.548	0.374
,-):	punct	neutral	0.178	0.656	0.167
,-);	punct	neutral	0.103	0.662	0.235
,-*	punct	neutral	0.032	0.672	0.296
,-*'	punct	neutral	0.186	0.584	0.23
,-**	punct	neutral	0.126	0.606	0.269
,-***	punct	neutral	0.127	0.627	0.246
,-****	punct	neutral	0.233	0.579	0.189
,-,	punct	negative	0.649	0.155	0.196
,-,,	punct	neutral	0.116	0.598	0.286
,-,,,	punct	neutral	0.147	0.621	0.232
,-,.	punct	neutral	0.154	0.622	0.224
,-,...	punct	neutral	0.261	0.593	0.146
,--	punct	neutral	0.123	0.553	0.323
,---	punct	neutral	0.048	0.659	0.293
,----	punct	neutral	0.157	0.592	0.251
,-.	punct	neutral	0.027	0.551	0.421
,-.!	punct	positive	0.124	0.026	0.85
,-.,	punct	neutral	0.146	0.629	0.225
,-..	punct	neutral	0.023	0.641	0.336
,-..!	punct	positive	0.098	0.017	0.885
,-..!!	punct	positive	0.353	0.024	0.622
,-...	punct	neutral	0.013	0.637	0.35
,-...!	punct	positive	0.105	0.025	0.87
,-....	punct	neutral	0.084	0.659	0.257
,-.....	punct	neutral	0.133	0.63	0.237
,-......	punct	neutral	0.169	0.637	0.194
,-.......	punct	neutral	0.123	0.672	0.206
,-........	punct	neutral	0.107	0.651	0.241
,-.........	punct	neutral	0.23	0.598	0.172
,-..........	punct	neutral	0.314	0.526	0.16
,-...........	punct	neutral	0.27	0.549	0.181
,-............	punct	neutral	0.242	0.572	0.187
,-.............	punct	neutral	0.212	0.598	0.19
,-....?	punct	neutral	0.172	0.62	0.208
,-...?	punct	neutral	0.064	0.63	0.305
,-..?	punct	neutral	0.101	0.631	0.268
,-.?	punct	neutral	0.079	0.633	0.288
,-/	punct	neutral	0.07	0.655	0.275
,-//	punct	neutral	0.095	0.616	0.289
,-:	punct	neutral	0.045	0.566	0.388
,-::	punct	neutral	0.167	0.632	0.201
,-;	punct	neutral	0.039	0.651	0.309
,-;;	punct	neutral	0.167	0.627	0.206
,-=	punct	neutral	0.059	0.69	0.252
,->	punct	neutral	0.161	0.637	0.202
,-?	punct	neutral	0.024	0.58	0.396
,-?!	punct	positive	0.095	0.078	0.826
,-?!!	punct	negative	0.568	0.012	0.42
,-?!?	punct	negative	0.701	0.043	0.256
,-?!?!	punct	negative	0.9	0.009	0.091
,-?,	punct	neutral	0.155	0.603	0.242
,-?.	punct	neutral	0.118	0.615	0.267
,-?..	punct	neutral	0.174	0.603	0.223
,-?...	punct	neutral	0.192	0.601	0.207
,-?....	punct	neutral	0.168	0.606	0.226
,-??	punct	neutral	0.092	0.674	0.234
,-???	punct	neutral	0.141	0.714	0.145
,-????	punct	neutral	0.143	0.664	0.193
,-?????	punct	neutral	0.184	0.615	0.201
,-??????	punct	neutral	0.369	0.496	0.135
,-[	punct	neutral	0.042	0.702	0.257
,-]	punct	neutral	0.05	0.705	0.245
,-ng	punct	neutral	0.101	0.602	0.297
,-{	punct	neutral	0.129	0.649	0.222
,-|	punct	positive	0.024	0.455	0.521
,-}	punct	neutral	0.116	0.643	0.24
,-~	punct	neutral	0.099	0.555	0.346
,-	punct	neutral	0.011	0.645	0.344
,-–	punct	neutral	0.1	0.678	0.222
,-—	punct	neutral	0.147	0.687	0.166
,-‘	punct	neutral	0.061	0.699	0.24
,-’	punct	neutral	0.096	0.703	0.201
,-“	punct	neutral	0.038	0.66	0.302
,-”	punct	neutral	0.028	0.65	0.322
,-””	punct	neutral	0.148	0.617	0.235
,-…	punct	neutral	0.067	0.681	0.253
,-….	punct	neutral	0.179	0.599	0.222
,-☐	punct	neutral	0.075	0.711	0.214
,-☑	punct	neutral	0.06	0.684	0.255
,-♫	punct	neutral	0.044	0.667	0.289
,-✔	punct	neutral	0.006	0.669	0.326
,-✖	punct	neutral	0.086	0.744	0.17
,-😂	punct	neutral	0.211	0.563	0.226
@-@1phd	at.mention	neutral	0.216	0.563	0.22
@-@4more	at.mention	neutral	0.38	0.458	0.162
@-@abc	at.mention	neutral	0.138	0.595	0.268
@-@abortion_	at.mention	neutral	0.115	0.608	0.277
@-@abortion_rights	at.mention	neutral	0.151	0.52	0.329
@-@ac360	at.mention	neutral	0.233	0.547	0.22
@-@adamsbaldwin	at.mention	neutral	0.222	0.561	0.218
@-@ajenglish	at.mention	neutral	0.237	0.564	0.199
@-@ajstream	at.mention	neutral	0.253	0.562	0.185
@-@alancolmes	at.mention	neutral	0.196	0.578	0.226
@-@alecbaldwin	at.mention	neutral	0.349	0.459	0.192
@-@alexwagner	at.mention	neutral	0.12	0.582	0.298
@-@alfredoflores	at.mention	neutral	0.063	0.621	0.316
@-@algore	at.mention	neutral	0.115	0.614	0.271
@-@aliabunimah	at.mention	neutral	0.245	0.546	0.209
@-@allenwest	at.mention	neutral	0.129	0.574	0.297
@-@andersoncooper	at.mention	neutral	0.264	0.517	0.219
@-@andy__israel	at.mention	neutral	0.103	0.602	0.295
@-@anncoulter	at.mention	neutral	0.158	0.589	0.253
@-@anndromney	at.mention	neutral	0.092	0.505	0.403
@-@ap	at.mention	neutral	0.154	0.618	0.229
@-@arianagrande	at.mention	neutral	0.059	0.507	0.434
@-@arifleischer	at.mention	neutral	0.172	0.582	0.246
@-@austinmahone	at.mention	neutral	0.062	0.574	0.365
@-@autocorrects	at.mention	neutral	0.161	0.608	0.231
@-@avimayer	at.mention	neutral	0.158	0.562	0.28
@-@banda_israel	at.mention	neutral	0.145	0.561	0.294
@-@barackobama	at.mention	neutral	0.079	0.621	0.3
@-@bashirlive	at.mention	neutral	0.241	0.529	0.23
@-@bbcworld	at.mention	neutral	0.323	0.491	0.186
@-@bbtweetmedia	at.mention	neutral	0.029	0.708	0.263
@-@benlabolt	at.mention	neutral	0.211	0.589	0.2
@-@billmaher	at.mention	neutral	0.134	0.6	0.266
@-@billyhallowell	at.mention	neutral	0.152	0.592	0.256
@-@blackrepublican	at.mention	neutral	0.202	0.583	0.215
@-@bootyisyou	at.mention	negative	0.437	0.419	0.144
@-@borowitzreport	at.mention	neutral	0.098	0.608	0.295
@-@bpshow	at.mention	neutral	0.241	0.564	0.195
@-@breakingnews	at.mention	neutral	0.196	0.612	0.192
@-@bretbaier	at.mention	neutral	0.183	0.567	0.251
@-@brian_littrell	at.mention	positive	0.119	0.341	0.54
@-@brooksbayne	at.mention	neutral	0.166	0.581	0.253
@-@butter_obama	at.mention	neutral	0.047	0.618	0.335
@-@buzzfeedandrew	at.mention	neutral	0.097	0.605	0.298
@-@buzzfeedben	at.mention	neutral	0.152	0.594	0.254
@-@byronyork	at.mention	neutral	0.127	0.598	0.276
@-@capehartj	at.mention	neutral	0.28	0.547	0.174
@-@cblacktx	at.mention	neutral	0.229	0.544	0.227
@-@cbs	at.mention	neutral	0.177	0.585	0.239
@-@cbsnews	at.mention	neutral	0.172	0.592	0.236
@-@charlesmblow	at.mention	neutral	0.259	0.531	0.21
@-@cher	at.mention	neutral	0.245	0.497	0.258
@-@chrisbrown	at.mention	neutral	0.084	0.589	0.327
@-@chrislhayes	at.mention	neutral	0.134	0.565	0.3
@-@chrisloesch	at.mention	neutral	0.158	0.596	0.246
@-@chucknellis	at.mention	neutral	0.31	0.506	0.184
@-@chucktodd	at.mention	neutral	0.207	0.58	0.213
@-@cnbc	at.mention	neutral	0.152	0.617	0.231
@-@cnn	at.mention	neutral	0.165	0.594	0.241
@-@cnnbrk	at.mention	neutral	0.226	0.578	0.197
@-@codysimpson	at.mention	neutral	0.123	0.552	0.326
@-@conservativesue	at.mention	neutral	0.129	0.589	0.282
@-@coolchange80	at.mention	neutral	0.182	0.539	0.28
@-@corybooker	at.mention	neutral	0.332	0.43	0.238
@-@cspanwj	at.mention	neutral	0.179	0.572	0.249
@-@cyrusshares	at.mention	neutral	0.233	0.578	0.189
@-@daggy1	at.mention	neutral	0.275	0.522	0.203
@-@dailycaller	at.mention	neutral	0.216	0.576	0.208
@-@dailyrundown	at.mention	neutral	0.212	0.58	0.208
@-@danaperino	at.mention	neutral	0.226	0.54	0.234
@-@darrellissa	at.mention	neutral	0.16	0.614	0.225
@-@daveweigel	at.mention	neutral	0.134	0.59	0.276
@-@davidaxelrod	at.mention	neutral	0.203	0.565	0.232
@-@davidcorndc	at.mention	neutral	0.122	0.621	0.256
@-@davidgregory	at.mention	neutral	0.228	0.521	0.25
@-@davidlimbaugh	at.mention	neutral	0.129	0.593	0.278
@-@ddlovato	at.mention	neutral	0.061	0.567	0.372
@-@defeatromney	at.mention	neutral	0.119	0.61	0.271
@-@dennisdmz	at.mention	neutral	0.116	0.599	0.285
@-@dickmorristweet	at.mention	neutral	0.167	0.573	0.26
@-@dloesch	at.mention	neutral	0.171	0.559	0.27
@-@dmataconis	at.mention	neutral	0.276	0.543	0.181
@-@donnabrazile	at.mention	neutral	0.221	0.579	0.2
@-@drudge_report	at.mention	neutral	0.145	0.59	0.265
@-@dwstweets	at.mention	neutral	0.159	0.569	0.272
@-@edshow	at.mention	neutral	0.169	0.613	0.218
@-@eleanorjcalder	at.mention	neutral	0.066	0.493	0.441
@-@ericboehlert	at.mention	neutral	0.153	0.603	0.244
@-@ericbolling	at.mention	neutral	0.155	0.574	0.271
